 -1  1  1  1  1  6  7  8 -1  1  1  1  1  6  7  8
 -2  2  2  2  5  6  7  2 -2  2  2  2  5  6  7  2
 -3  3  3  3  5  6  7  3 -3  3  3  3  5  6  7  3
 -4  4  4  4  5  6  3  2 -4  4  4  4  5  6  3  2
 -5  2  3  5  5  6  7  5 -5  2  3  5  5  6  7  5
 -6  2  3  6  5  6  6  6 -6  2  3  6  5  6  6  6
 -7  2  3  7  5  6  7  7 -7  2  3  7  5  6  7  7
 -8  2  8  4  5  6  8  8 -8  2  8  4  5  6  8  8
 -1  1  1  1  1  6  7  8 -1  1  1  1  1  6  7  8
 -2  2  2  2  5  6  7  2 -2  2  2  2  5  6  7  2
 -3  3  3  3  5  6  7  3 -3  3  3  3  5  6  7  3
 -4  4  4  4  5  6  3  2 -4  4  4  4  5  6  3  2
 -5  2  3  5  5  6  7  5 -5  2  3  5  5  6  7  5
 -6  2  3  6  5  6  6  6 -6  2  3  6  5  6  6  6
 -7  2  3  7  5  6  7  7 -7  2  3  7  5  6  7  7
 -8  2  8  4  5  6  8  8 -8  2  8  4  5  6  8  8